//234

1
F268 1 2 3 4 5 6 7 8 9 10 11 12 13 14
F269 31 32 33 34 35 36 37 38 39 40 41 42 43 44
noninter
same same
norain
day day

2
F268 1 2 3 4 5 6 7 8 9 10 11 12 13 14
F269 46 47 48 49 50 51 52 53 54 55 56 57 58 59
noninter
same same
norain
day day

3
F268 1 2 3 4 5 6 7 8 9 10 11 12 13 14
F269 61 62 63 64 65 66 67 68 69 70 71 72 73 74
noninter
same same
norain
day day

4
F268 1 2 3 4 5 6 7 8 9 10 11 12 13 14
F269 76 77 78 79 80 81 82 83 84
noninter
same same
norain
day day

5
F268 1 2 3 4 5 6 7 8 9 10 11 12 13 14
F269 86 87 88 89 90 91 92 93 94 95 96 97 98 99
noninter
same same
norain
day day

6
F268 1 2 3 4 5 6 7 8 9 10 11 12 13 14
F269 101 102 103 104 105 106 107 108 109 110 111 112 113 114
noninter
same same
norain
day day

7
F268 1 2 3 4 5 6 7 8 9 10 11 12 13 14
F269 116 117 118 119 120 121 122 123 124 125 126 127 128 129
noninter
same same
norain
day day

8
F268 1 2 3 4 5 6 7 8 9 10 11 12 13 14
F269 131 132 133 134 135 136 137 138 139 140 141
noninter
same same
norain
day day

9
F268 1 2 3 4 5 6 7 8 9 10 11 12 13 14
F269 143 144 145 146 147 148 149 150 151 152 153 154 155 156
noninter
same same
norain
day day

10
F268 1 2 3 4 5 6 7 8 9 10 11 12 13 14
F269 159 160 161 162 163 164 165 166 167 168
noninter
same same
norain
day day

11
F268 1 2 3 4 5 6 7 8 9 10 11 12 13 14
F269 170 171 172 173 174 175 176 177 178 179 180 181 182 183
noninter
same same
norain
day day

12
F268 1 2 3 4 5 6 7 8 9 10 11 12 13 14
F269 185 186 187 188 189 190 191 192 193 194 195 196 197 198
noninter
same same
norain
day day

13
F268 16 17 18 19 20 21 22 23 24 25 26 27 28 29
F269 46 47 48 49 50 51 52 53 54 55 56 57 58 59
noninter
same same
norain
day day

14
F268 16 17 18 19 20 21 22 23 24 25 26 27 28 29
F269 61 62 63 64 65 66 67 68 69 70 71 72 73 74
noninter
same same
norain
day day

15
F268 16 17 18 19 20 21 22 23 24 25 26 27 28 29
F269 76 77 78 79 80 81 82 83 84
noninter
same same
norain
day day

16
F268 16 17 18 19 20 21 22 23 24 25 26 27 28 29
F269 86 87 88 89 90 91 92 93 94 95 96 97 98 99
noninter
same same
norain
day day

17
F268 16 17 18 19 20 21 22 23 24 25 26 27 28 29
F269 101 102 103 104 105 106 107 108 109 110 111 112 113 114
noninter
same same
norain
day day

18
F268 16 17 18 19 20 21 22 23 24 25 26 27 28 29
F269 116 117 118 119 120 121 122 123 124 125 126 127 128 129
noninter
same same
norain
day day

19
F268 16 17 18 19 20 21 22 23 24 25 26 27 28 29
F269 131 132 133 134 135 136 137 138 139 140 141
noninter
same same
norain
day day

20
F268 16 17 18 19 20 21 22 23 24 25 26 27 28 29
F269 143 144 145 146 147 148 149 150 151 152 153 154 155 156
noninter
same same
norain
day day

21
F268 16 17 18 19 20 21 22 23 24 25 26 27 28 29
F269 159 160 161 162 163 164 165 166 167 168
noninter
same same
norain
day day

22
F268 16 17 18 19 20 21 22 23 24 25 26 27 28 29
F269 170 171 172 173 174 175 176 177 178 179 180 181 182 183
noninter
same same
norain
day day

23
F268 16 17 18 19 20 21 22 23 24 25 26 27 28 29
F269 185 186 187 188 189 190 191 192 193 194 195 196 197 198
noninter
same same
norain
day day

24
F268 31 32 33 34 35 36 37 38 39 40 41 42 43 44
F269 61 62 63 64 65 66 67 68 69 70 71 72 73 74
noninter
same same
norain
day day

25
F268 31 32 33 34 35 36 37 38 39 40 41 42 43 44
F269 76 77 78 79 80 81 82 83 84
noninter
same same
norain
day day

26
F268 31 32 33 34 35 36 37 38 39 40 41 42 43 44
F269 86 87 88 89 90 91 92 93 94 95 96 97 98 99
noninter
same same
norain
day day

27
F268 31 32 33 34 35 36 37 38 39 40 41 42 43 44
F269 101 102 103 104 105 106 107 108 109 110 111 112 113 114
noninter
same same
norain
day day

28
F268 31 32 33 34 35 36 37 38 39 40 41 42 43 44
F269 116 117 118 119 120 121 122 123 124 125 126 127 128 129
noninter
same same
norain
day day

29
F268 31 32 33 34 35 36 37 38 39 40 41 42 43 44
F269 131 132 133 134 135 136 137 138 139 140 141
noninter
same same
norain
day day

30
F268 31 32 33 34 35 36 37 38 39 40 41 42 43 44
F269 143 144 145 146 147 148 149 150 151 152 153 154 155 156
noninter
same same
norain
day day

31
F268 31 32 33 34 35 36 37 38 39 40 41 42 43 44
F269 159 160 161 162 163 164 165 166 167 168
noninter
same same
norain
day day

32
F268 31 32 33 34 35 36 37 38 39 40 41 42 43 44
F269 170 171 172 173 174 175 176 177 178 179 180 181 182 183
noninter
same same
norain
day day

33
F268 31 32 33 34 35 36 37 38 39 40 41 42 43 44
F269 185 186 187 188 189 190 191 192 193 194 195 196 197 198
noninter
same same
norain
day day

34
F268 46 47 48 49 50 51 52 53 54 55 56 57 58 59
F269 76 77 78 79 80 81 82 83 84
noninter
same same
norain
day day

35
F268 46 47 48 49 50 51 52 53 54 55 56 57 58 59
F269 86 87 88 89 90 91 92 93 94 95 96 97 98 99
noninter
same same
norain
day day

36
F268 46 47 48 49 50 51 52 53 54 55 56 57 58 59
F269 101 102 103 104 105 106 107 108 109 110 111 112 113 114
noninter
same same
norain
day day

37
F268 46 47 48 49 50 51 52 53 54 55 56 57 58 59
F269 116 117 118 119 120 121 122 123 124 125 126 127 128 129
noninter
same same
norain
day day

38
F268 46 47 48 49 50 51 52 53 54 55 56 57 58 59
F269 131 132 133 134 135 136 137 138 139 140 141
noninter
same same
norain
day day

39
F268 46 47 48 49 50 51 52 53 54 55 56 57 58 59
F269 143 144 145 146 147 148 149 150 151 152 153 154 155 156
noninter
same same
norain
day day

40
F268 46 47 48 49 50 51 52 53 54 55 56 57 58 59
F269 159 160 161 162 163 164 165 166 167 168
noninter
same same
norain
day day

41
F268 46 47 48 49 50 51 52 53 54 55 56 57 58 59
F269 170 171 172 173 174 175 176 177 178 179 180 181 182 183
noninter
same same
norain
day day

42
F268 46 47 48 49 50 51 52 53 54 55 56 57 58 59
F269 185 186 187 188 189 190 191 192 193 194 195 196 197 198
noninter
same same
norain
day day

43
F268 61 62 63 64 65 66 67 68 69 70 71 72 73 74
F269 86 87 88 89 90 91 92 93 94 95 96 97 98 99
noninter
same same
norain
day day

44
F268 61 62 63 64 65 66 67 68 69 70 71 72 73 74
F269 101 102 103 104 105 106 107 108 109 110 111 112 113 114
noninter
same same
norain
day day

45
F268 61 62 63 64 65 66 67 68 69 70 71 72 73 74
F269 116 117 118 119 120 121 122 123 124 125 126 127 128 129
noninter
same same
norain
day day

46
F268 61 62 63 64 65 66 67 68 69 70 71 72 73 74
F269 131 132 133 134 135 136 137 138 139 140 141
noninter
same same
norain
day day

47
F268 61 62 63 64 65 66 67 68 69 70 71 72 73 74
F269 143 144 145 146 147 148 149 150 151 152 153 154 155 156
noninter
same same
norain
day day

48
F268 61 62 63 64 65 66 67 68 69 70 71 72 73 74
F269 159 160 161 162 163 164 165 166 167 168
noninter
same same
norain
day day

49
F268 61 62 63 64 65 66 67 68 69 70 71 72 73 74
F269 170 171 172 173 174 175 176 177 178 179 180 181 182 183
noninter
same same
norain
day day

50
F268 61 62 63 64 65 66 67 68 69 70 71 72 73 74
F269 185 186 187 188 189 190 191 192 193 194 195 196 197 198
noninter
same same
norain
day day

51
F268 76 77 78 79 80 81 82 83 84
F269 101 102 103 104 105 106 107 108 109 110 111 112 113 114
noninter
same same
norain
day day

52
F268 76 77 78 79 80 81 82 83 84
F269 116 117 118 119 120 121 122 123 124 125 126 127 128 129
noninter
same same
norain
day day

53
F268 76 77 78 79 80 81 82 83 84
F269 131 132 133 134 135 136 137 138 139 140 141
noninter
same same
norain
day day

54
F268 76 77 78 79 80 81 82 83 84
F269 143 144 145 146 147 148 149 150 151 152 153 154 155 156
noninter
same same
norain
day day

55
F268 76 77 78 79 80 81 82 83 84
F269 159 160 161 162 163 164 165 166 167 168
noninter
same same
norain
day day

56
F268 76 77 78 79 80 81 82 83 84
F269 170 171 172 173 174 175 176 177 178 179 180 181 182 183
noninter
same same
norain
day day

57
F268 76 77 78 79 80 81 82 83 84
F269 185 186 187 188 189 190 191 192 193 194 195 196 197 198
noninter
same same
norain
day day

58
F268 86 87 88 89 90 91 92 93 94 95 96 97 98 99
F269 116 117 118 119 120 121 122 123 124 125 126 127 128 129
noninter
same same
norain
day day

59
F268 86 87 88 89 90 91 92 93 94 95 96 97 98 99
F269 131 132 133 134 135 136 137 138 139 140 141
noninter
same same
norain
day day

60
F268 86 87 88 89 90 91 92 93 94 95 96 97 98 99
F269 143 144 145 146 147 148 149 150 151 152 153 154 155 156
noninter
same same
norain
day day

61
F268 86 87 88 89 90 91 92 93 94 95 96 97 98 99
F269 159 160 161 162 163 164 165 166 167 168
noninter
same same
norain
day day

62
F268 86 87 88 89 90 91 92 93 94 95 96 97 98 99
F269 170 171 172 173 174 175 176 177 178 179 180 181 182 183
noninter
same same
norain
day day

63
F268 86 87 88 89 90 91 92 93 94 95 96 97 98 99
F269 185 186 187 188 189 190 191 192 193 194 195 196 197 198
noninter
same same
norain
day day

64
F268 101 102 103 104 105 106 107 108 109 110 111 112 113 114
F269 131 132 133 134 135 136 137 138 139 140 141
noninter
same same
norain
day day

65
F268 101 102 103 104 105 106 107 108 109 110 111 112 113 114
F269 143 144 145 146 147 148 149 150 151 152 153 154 155 156
noninter
same same
norain
day day

66
F268 101 102 103 104 105 106 107 108 109 110 111 112 113 114
F269 159 160 161 162 163 164 165 166 167 168
noninter
same same
norain
day day

67
F268 101 102 103 104 105 106 107 108 109 110 111 112 113 114
F269 170 171 172 173 174 175 176 177 178 179 180 181 182 183
noninter
same same
norain
day day

68
F268 101 102 103 104 105 106 107 108 109 110 111 112 113 114
F269 185 186 187 188 189 190 191 192 193 194 195 196 197 198
noninter
same same
norain
day day

69
F268 116 117 118 119 120 121 122 123 124 125 126 127 128 129
F269 143 144 145 146 147 148 149 150 151 152 153 154 155 156
noninter
same same
norain
day day

70
F268 116 117 118 119 120 121 122 123 124 125 126 127 128 129
F269 159 160 161 162 163 164 165 166 167 168
noninter
same same
norain
day day

71
F268 116 117 118 119 120 121 122 123 124 125 126 127 128 129
F269 170 171 172 173 174 175 176 177 178 179 180 181 182 183
noninter
same same
norain
day day

72
F268 116 117 118 119 120 121 122 123 124 125 126 127 128 129
F269 185 186 187 188 189 190 191 192 193 194 195 196 197 198
noninter
same same
norain
day day

73
F268 131 132 133 134 135 136 137 138 139 140 141
F269 159 160 161 162 163 164 165 166 167 168
noninter
same same
norain
day day

74
F268 131 132 133 134 135 136 137 138 139 140 141
F269 170 171 172 173 174 175 176 177 178 179 180 181 182 183
noninter
same same
norain
day day

75
F268 131 132 133 134 135 136 137 138 139 140 141
F269 185 186 187 188 189 190 191 192 193 194 195 196 197 198
noninter
same same
norain
day day

76
F268 143 144 145 146 147 148 149 150 151 152 153 154 155 156
F269 170 171 172 173 174 175 176 177 178 179 180 181 182 183
noninter
same same
norain
day day

77
F268 143 144 145 146 147 148 149 150 151 152 153 154 155 156
F269 185 186 187 188 189 190 191 192 193 194 195 196 197 198
noninter
same same
norain
day day

78
F268 159 160 161 162 163 164 165 166 167 168
F269 185 186 187 188 189 190 191 192 193 194 195 196 197 198
noninter
same same
norain
day day








1
F268 1 2 3 4 5 6 7 8 9 10 11 12 13 14
F270 31 32 33 34 35 36 37 38 39 40 41 42 43 44
noninter
same same
norain
day night

2
F268 1 2 3 4 5 6 7 8 9 10 11 12 13 14
F270 46 47 48 49 50 51 52 53 54 55 56 57 58 59
noninter
same same
norain
day night

3
F268 1 2 3 4 5 6 7 8 9 10 11 12 13 14
F270 61 62 63 64 65 66 67 68 69 70 71 72 73 74
noninter
same same
norain
day night

4
F268 1 2 3 4 5 6 7 8 9 10 11 12 13 14
F270 76 77 78 79 80 81 82 83 84
noninter
same same
norain
day night

5
F268 1 2 3 4 5 6 7 8 9 10 11 12 13 14
F270 86 87 88 89 90 91 92 93 94 95 96 97 98 99
noninter
same same
norain
day night

6
F268 1 2 3 4 5 6 7 8 9 10 11 12 13 14
F270 101 102 103 104 105 106 107 108 109 110 111 112 113 114
noninter
same same
norain
day night

7
F268 1 2 3 4 5 6 7 8 9 10 11 12 13 14
F270 116 117 118 119 120 121 122 123 124 125 126 127 128 129
noninter
same same
norain
day night

8
F268 1 2 3 4 5 6 7 8 9 10 11 12 13 14
F270 131 132 133 134 135 136 137 138 139 140 141
noninter
same same
norain
day night

9
F268 1 2 3 4 5 6 7 8 9 10 11 12 13 14
F270 143 144 145 146 147 148 149 150 151 152 153 154 155 156
noninter
same same
norain
day night

10
F268 1 2 3 4 5 6 7 8 9 10 11 12 13 14
F270 159 160 161 162 163 164 165 166 167 168
noninter
same same
norain
day night

11
F268 1 2 3 4 5 6 7 8 9 10 11 12 13 14
F270 170 171 172 173 174 175 176 177 178 179 180 181 182 183
noninter
same same
norain
day night

12
F268 1 2 3 4 5 6 7 8 9 10 11 12 13 14
F270 185 186 187 188 189 190 191 192 193 194 195 196 197 198
noninter
same same
norain
day night

13
F268 16 17 18 19 20 21 22 23 24 25 26 27 28 29
F270 46 47 48 49 50 51 52 53 54 55 56 57 58 59
noninter
same same
norain
day night

14
F268 16 17 18 19 20 21 22 23 24 25 26 27 28 29
F270 61 62 63 64 65 66 67 68 69 70 71 72 73 74
noninter
same same
norain
day night

15
F268 16 17 18 19 20 21 22 23 24 25 26 27 28 29
F270 76 77 78 79 80 81 82 83 84
noninter
same same
norain
day night

16
F268 16 17 18 19 20 21 22 23 24 25 26 27 28 29
F270 86 87 88 89 90 91 92 93 94 95 96 97 98 99
noninter
same same
norain
day night

17
F268 16 17 18 19 20 21 22 23 24 25 26 27 28 29
F270 101 102 103 104 105 106 107 108 109 110 111 112 113 114
noninter
same same
norain
day night

18
F268 16 17 18 19 20 21 22 23 24 25 26 27 28 29
F270 116 117 118 119 120 121 122 123 124 125 126 127 128 129
noninter
same same
norain
day night

19
F268 16 17 18 19 20 21 22 23 24 25 26 27 28 29
F270 131 132 133 134 135 136 137 138 139 140 141
noninter
same same
norain
day night

20
F268 16 17 18 19 20 21 22 23 24 25 26 27 28 29
F270 143 144 145 146 147 148 149 150 151 152 153 154 155 156
noninter
same same
norain
day night

21
F268 16 17 18 19 20 21 22 23 24 25 26 27 28 29
F270 159 160 161 162 163 164 165 166 167 168
noninter
same same
norain
day night

22
F268 16 17 18 19 20 21 22 23 24 25 26 27 28 29
F270 170 171 172 173 174 175 176 177 178 179 180 181 182 183
noninter
same same
norain
day night

23
F268 16 17 18 19 20 21 22 23 24 25 26 27 28 29
F270 185 186 187 188 189 190 191 192 193 194 195 196 197 198
noninter
same same
norain
day night

24
F268 31 32 33 34 35 36 37 38 39 40 41 42 43 44
F270 61 62 63 64 65 66 67 68 69 70 71 72 73 74
noninter
same same
norain
day night

25
F268 31 32 33 34 35 36 37 38 39 40 41 42 43 44
F270 76 77 78 79 80 81 82 83 84
noninter
same same
norain
day night

26
F268 31 32 33 34 35 36 37 38 39 40 41 42 43 44
F270 86 87 88 89 90 91 92 93 94 95 96 97 98 99
noninter
same same
norain
day night

27
F268 31 32 33 34 35 36 37 38 39 40 41 42 43 44
F270 101 102 103 104 105 106 107 108 109 110 111 112 113 114
noninter
same same
norain
day night

28
F268 31 32 33 34 35 36 37 38 39 40 41 42 43 44
F270 116 117 118 119 120 121 122 123 124 125 126 127 128 129
noninter
same same
norain
day night

29
F268 31 32 33 34 35 36 37 38 39 40 41 42 43 44
F270 131 132 133 134 135 136 137 138 139 140 141
noninter
same same
norain
day night

30
F268 31 32 33 34 35 36 37 38 39 40 41 42 43 44
F270 143 144 145 146 147 148 149 150 151 152 153 154 155 156
noninter
same same
norain
day night

31
F268 31 32 33 34 35 36 37 38 39 40 41 42 43 44
F270 159 160 161 162 163 164 165 166 167 168
noninter
same same
norain
day night

32
F268 31 32 33 34 35 36 37 38 39 40 41 42 43 44
F270 170 171 172 173 174 175 176 177 178 179 180 181 182 183
noninter
same same
norain
day night

33
F268 31 32 33 34 35 36 37 38 39 40 41 42 43 44
F270 185 186 187 188 189 190 191 192 193 194 195 196 197 198
noninter
same same
norain
day night

34
F268 46 47 48 49 50 51 52 53 54 55 56 57 58 59
F270 76 77 78 79 80 81 82 83 84
noninter
same same
norain
day night

35
F268 46 47 48 49 50 51 52 53 54 55 56 57 58 59
F270 86 87 88 89 90 91 92 93 94 95 96 97 98 99
noninter
same same
norain
day night

36
F268 46 47 48 49 50 51 52 53 54 55 56 57 58 59
F270 101 102 103 104 105 106 107 108 109 110 111 112 113 114
noninter
same same
norain
day night

37
F268 46 47 48 49 50 51 52 53 54 55 56 57 58 59
F270 116 117 118 119 120 121 122 123 124 125 126 127 128 129
noninter
same same
norain
day night

38
F268 46 47 48 49 50 51 52 53 54 55 56 57 58 59
F270 131 132 133 134 135 136 137 138 139 140 141
noninter
same same
norain
day night

39
F268 46 47 48 49 50 51 52 53 54 55 56 57 58 59
F270 143 144 145 146 147 148 149 150 151 152 153 154 155 156
noninter
same same
norain
day night

40
F268 46 47 48 49 50 51 52 53 54 55 56 57 58 59
F270 159 160 161 162 163 164 165 166 167 168
noninter
same same
norain
day night

41
F268 46 47 48 49 50 51 52 53 54 55 56 57 58 59
F270 170 171 172 173 174 175 176 177 178 179 180 181 182 183
noninter
same same
norain
day night

42
F268 46 47 48 49 50 51 52 53 54 55 56 57 58 59
F270 185 186 187 188 189 190 191 192 193 194 195 196 197 198
noninter
same same
norain
day night

43
F268 61 62 63 64 65 66 67 68 69 70 71 72 73 74
F270 86 87 88 89 90 91 92 93 94 95 96 97 98 99
noninter
same same
norain
day night

44
F268 61 62 63 64 65 66 67 68 69 70 71 72 73 74
F270 101 102 103 104 105 106 107 108 109 110 111 112 113 114
noninter
same same
norain
day night

45
F268 61 62 63 64 65 66 67 68 69 70 71 72 73 74
F270 116 117 118 119 120 121 122 123 124 125 126 127 128 129
noninter
same same
norain
day night

46
F268 61 62 63 64 65 66 67 68 69 70 71 72 73 74
F270 131 132 133 134 135 136 137 138 139 140 141
noninter
same same
norain
day night

47
F268 61 62 63 64 65 66 67 68 69 70 71 72 73 74
F270 143 144 145 146 147 148 149 150 151 152 153 154 155 156
noninter
same same
norain
day night

48
F268 61 62 63 64 65 66 67 68 69 70 71 72 73 74
F270 159 160 161 162 163 164 165 166 167 168
noninter
same same
norain
day night

49
F268 61 62 63 64 65 66 67 68 69 70 71 72 73 74
F270 170 171 172 173 174 175 176 177 178 179 180 181 182 183
noninter
same same
norain
day night

50
F268 61 62 63 64 65 66 67 68 69 70 71 72 73 74
F270 185 186 187 188 189 190 191 192 193 194 195 196 197 198
noninter
same same
norain
day night

51
F268 76 77 78 79 80 81 82 83 84
F270 101 102 103 104 105 106 107 108 109 110 111 112 113 114
noninter
same same
norain
day night

52
F268 76 77 78 79 80 81 82 83 84
F270 116 117 118 119 120 121 122 123 124 125 126 127 128 129
noninter
same same
norain
day night

53
F268 76 77 78 79 80 81 82 83 84
F270 131 132 133 134 135 136 137 138 139 140 141
noninter
same same
norain
day night

54
F268 76 77 78 79 80 81 82 83 84
F270 143 144 145 146 147 148 149 150 151 152 153 154 155 156
noninter
same same
norain
day night

55
F268 76 77 78 79 80 81 82 83 84
F270 159 160 161 162 163 164 165 166 167 168
noninter
same same
norain
day night

56
F268 76 77 78 79 80 81 82 83 84
F270 170 171 172 173 174 175 176 177 178 179 180 181 182 183
noninter
same same
norain
day night

57
F268 76 77 78 79 80 81 82 83 84
F270 185 186 187 188 189 190 191 192 193 194 195 196 197 198
noninter
same same
norain
day night

58
F268 86 87 88 89 90 91 92 93 94 95 96 97 98 99
F270 116 117 118 119 120 121 122 123 124 125 126 127 128 129
noninter
same same
norain
day night

59
F268 86 87 88 89 90 91 92 93 94 95 96 97 98 99
F270 131 132 133 134 135 136 137 138 139 140 141
noninter
same same
norain
day night

60
F268 86 87 88 89 90 91 92 93 94 95 96 97 98 99
F270 143 144 145 146 147 148 149 150 151 152 153 154 155 156
noninter
same same
norain
day night

61
F268 86 87 88 89 90 91 92 93 94 95 96 97 98 99
F270 159 160 161 162 163 164 165 166 167 168
noninter
same same
norain
day night

62
F268 86 87 88 89 90 91 92 93 94 95 96 97 98 99
F270 170 171 172 173 174 175 176 177 178 179 180 181 182 183
noninter
same same
norain
day night

63
F268 86 87 88 89 90 91 92 93 94 95 96 97 98 99
F270 185 186 187 188 189 190 191 192 193 194 195 196 197 198
noninter
same same
norain
day night

64
F268 101 102 103 104 105 106 107 108 109 110 111 112 113 114
F270 131 132 133 134 135 136 137 138 139 140 141
noninter
same same
norain
day night

65
F268 101 102 103 104 105 106 107 108 109 110 111 112 113 114
F270 143 144 145 146 147 148 149 150 151 152 153 154 155 156
noninter
same same
norain
day night

66
F268 101 102 103 104 105 106 107 108 109 110 111 112 113 114
F270 159 160 161 162 163 164 165 166 167 168
noninter
same same
norain
day night

67
F268 101 102 103 104 105 106 107 108 109 110 111 112 113 114
F270 170 171 172 173 174 175 176 177 178 179 180 181 182 183
noninter
same same
norain
day night

68
F268 101 102 103 104 105 106 107 108 109 110 111 112 113 114
F270 185 186 187 188 189 190 191 192 193 194 195 196 197 198
noninter
same same
norain
day night

69
F268 116 117 118 119 120 121 122 123 124 125 126 127 128 129
F270 143 144 145 146 147 148 149 150 151 152 153 154 155 156
noninter
same same
norain
day night

70
F268 116 117 118 119 120 121 122 123 124 125 126 127 128 129
F270 159 160 161 162 163 164 165 166 167 168
noninter
same same
norain
day night

71
F268 116 117 118 119 120 121 122 123 124 125 126 127 128 129
F270 170 171 172 173 174 175 176 177 178 179 180 181 182 183
noninter
same same
norain
day night

72
F268 116 117 118 119 120 121 122 123 124 125 126 127 128 129
F270 185 186 187 188 189 190 191 192 193 194 195 196 197 198
noninter
same same
norain
day night

73
F268 131 132 133 134 135 136 137 138 139 140 141
F270 159 160 161 162 163 164 165 166 167 168
noninter
same same
norain
day night

74
F268 131 132 133 134 135 136 137 138 139 140 141
F270 170 171 172 173 174 175 176 177 178 179 180 181 182 183
noninter
same same
norain
day night

75
F268 131 132 133 134 135 136 137 138 139 140 141
F270 185 186 187 188 189 190 191 192 193 194 195 196 197 198
noninter
same same
norain
day night

76
F268 143 144 145 146 147 148 149 150 151 152 153 154 155 156
F270 170 171 172 173 174 175 176 177 178 179 180 181 182 183
noninter
same same
norain
day night

77
F268 143 144 145 146 147 148 149 150 151 152 153 154 155 156
F270 185 186 187 188 189 190 191 192 193 194 195 196 197 198
noninter
same same
norain
day night

78
F268 159 160 161 162 163 164 165 166 167 168
F270 185 186 187 188 189 190 191 192 193 194 195 196 197 198
noninter
same same
norain
day night




1
F269 1 2 3 4 5 6 7 8 9 10 11 12 13 14
F270 31 32 33 34 35 36 37 38 39 40 41 42 43 44
noninter
same same
norain
day night

2
F269 1 2 3 4 5 6 7 8 9 10 11 12 13 14
F270 46 47 48 49 50 51 52 53 54 55 56 57 58 59
noninter
same same
norain
day night

3
F269 1 2 3 4 5 6 7 8 9 10 11 12 13 14
F270 61 62 63 64 65 66 67 68 69 70 71 72 73 74
noninter
same same
norain
day night

4
F269 1 2 3 4 5 6 7 8 9 10 11 12 13 14
F270 76 77 78 79 80 81 82 83 84
noninter
same same
norain
day night

5
F269 1 2 3 4 5 6 7 8 9 10 11 12 13 14
F270 86 87 88 89 90 91 92 93 94 95 96 97 98 99
noninter
same same
norain
day night

6
F269 1 2 3 4 5 6 7 8 9 10 11 12 13 14
F270 101 102 103 104 105 106 107 108 109 110 111 112 113 114
noninter
same same
norain
day night

7
F269 1 2 3 4 5 6 7 8 9 10 11 12 13 14
F270 116 117 118 119 120 121 122 123 124 125 126 127 128 129
noninter
same same
norain
day night

8
F269 1 2 3 4 5 6 7 8 9 10 11 12 13 14
F270 131 132 133 134 135 136 137 138 139 140 141
noninter
same same
norain
day night

9
F269 1 2 3 4 5 6 7 8 9 10 11 12 13 14
F270 143 144 145 146 147 148 149 150 151 152 153 154 155 156
noninter
same same
norain
day night

10
F269 1 2 3 4 5 6 7 8 9 10 11 12 13 14
F270 159 160 161 162 163 164 165 166 167 168
noninter
same same
norain
day night

11
F269 1 2 3 4 5 6 7 8 9 10 11 12 13 14
F270 170 171 172 173 174 175 176 177 178 179 180 181 182 183
noninter
same same
norain
day night

12
F269 1 2 3 4 5 6 7 8 9 10 11 12 13 14
F270 185 186 187 188 189 190 191 192 193 194 195 196 197 198
noninter
same same
norain
day night

13
F269 16 17 18 19 20 21 22 23 24 25 26 27 28 29
F270 46 47 48 49 50 51 52 53 54 55 56 57 58 59
noninter
same same
norain
day night

14
F269 16 17 18 19 20 21 22 23 24 25 26 27 28 29
F270 61 62 63 64 65 66 67 68 69 70 71 72 73 74
noninter
same same
norain
day night

15
F269 16 17 18 19 20 21 22 23 24 25 26 27 28 29
F270 76 77 78 79 80 81 82 83 84
noninter
same same
norain
day night

16
F269 16 17 18 19 20 21 22 23 24 25 26 27 28 29
F270 86 87 88 89 90 91 92 93 94 95 96 97 98 99
noninter
same same
norain
day night

17
F269 16 17 18 19 20 21 22 23 24 25 26 27 28 29
F270 101 102 103 104 105 106 107 108 109 110 111 112 113 114
noninter
same same
norain
day night

18
F269 16 17 18 19 20 21 22 23 24 25 26 27 28 29
F270 116 117 118 119 120 121 122 123 124 125 126 127 128 129
noninter
same same
norain
day night

19
F269 16 17 18 19 20 21 22 23 24 25 26 27 28 29
F270 131 132 133 134 135 136 137 138 139 140 141
noninter
same same
norain
day night

20
F269 16 17 18 19 20 21 22 23 24 25 26 27 28 29
F270 143 144 145 146 147 148 149 150 151 152 153 154 155 156
noninter
same same
norain
day night

21
F269 16 17 18 19 20 21 22 23 24 25 26 27 28 29
F270 159 160 161 162 163 164 165 166 167 168
noninter
same same
norain
day night

22
F269 16 17 18 19 20 21 22 23 24 25 26 27 28 29
F270 170 171 172 173 174 175 176 177 178 179 180 181 182 183
noninter
same same
norain
day night

23
F269 16 17 18 19 20 21 22 23 24 25 26 27 28 29
F270 185 186 187 188 189 190 191 192 193 194 195 196 197 198
noninter
same same
norain
day night

24
F269 31 32 33 34 35 36 37 38 39 40 41 42 43 44
F270 61 62 63 64 65 66 67 68 69 70 71 72 73 74
noninter
same same
norain
day night

25
F269 31 32 33 34 35 36 37 38 39 40 41 42 43 44
F270 76 77 78 79 80 81 82 83 84
noninter
same same
norain
day night

26
F269 31 32 33 34 35 36 37 38 39 40 41 42 43 44
F270 86 87 88 89 90 91 92 93 94 95 96 97 98 99
noninter
same same
norain
day night

27
F269 31 32 33 34 35 36 37 38 39 40 41 42 43 44
F270 101 102 103 104 105 106 107 108 109 110 111 112 113 114
noninter
same same
norain
day night

28
F269 31 32 33 34 35 36 37 38 39 40 41 42 43 44
F270 116 117 118 119 120 121 122 123 124 125 126 127 128 129
noninter
same same
norain
day night

29
F269 31 32 33 34 35 36 37 38 39 40 41 42 43 44
F270 131 132 133 134 135 136 137 138 139 140 141
noninter
same same
norain
day night

30
F269 31 32 33 34 35 36 37 38 39 40 41 42 43 44
F270 143 144 145 146 147 148 149 150 151 152 153 154 155 156
noninter
same same
norain
day night

31
F269 31 32 33 34 35 36 37 38 39 40 41 42 43 44
F270 159 160 161 162 163 164 165 166 167 168
noninter
same same
norain
day night

32
F269 31 32 33 34 35 36 37 38 39 40 41 42 43 44
F270 170 171 172 173 174 175 176 177 178 179 180 181 182 183
noninter
same same
norain
day night

33
F269 31 32 33 34 35 36 37 38 39 40 41 42 43 44
F270 185 186 187 188 189 190 191 192 193 194 195 196 197 198
noninter
same same
norain
day night

34
F269 46 47 48 49 50 51 52 53 54 55 56 57 58 59
F270 76 77 78 79 80 81 82 83 84
noninter
same same
norain
day night

35
F269 46 47 48 49 50 51 52 53 54 55 56 57 58 59
F270 86 87 88 89 90 91 92 93 94 95 96 97 98 99
noninter
same same
norain
day night

36
F269 46 47 48 49 50 51 52 53 54 55 56 57 58 59
F270 101 102 103 104 105 106 107 108 109 110 111 112 113 114
noninter
same same
norain
day night

37
F269 46 47 48 49 50 51 52 53 54 55 56 57 58 59
F270 116 117 118 119 120 121 122 123 124 125 126 127 128 129
noninter
same same
norain
day night

38
F269 46 47 48 49 50 51 52 53 54 55 56 57 58 59
F270 131 132 133 134 135 136 137 138 139 140 141
noninter
same same
norain
day night

39
F269 46 47 48 49 50 51 52 53 54 55 56 57 58 59
F270 143 144 145 146 147 148 149 150 151 152 153 154 155 156
noninter
same same
norain
day night

40
F269 46 47 48 49 50 51 52 53 54 55 56 57 58 59
F270 159 160 161 162 163 164 165 166 167 168
noninter
same same
norain
day night

41
F269 46 47 48 49 50 51 52 53 54 55 56 57 58 59
F270 170 171 172 173 174 175 176 177 178 179 180 181 182 183
noninter
same same
norain
day night

42
F269 46 47 48 49 50 51 52 53 54 55 56 57 58 59
F270 185 186 187 188 189 190 191 192 193 194 195 196 197 198
noninter
same same
norain
day night

43
F269 61 62 63 64 65 66 67 68 69 70 71 72 73 74
F270 86 87 88 89 90 91 92 93 94 95 96 97 98 99
noninter
same same
norain
day night

44
F269 61 62 63 64 65 66 67 68 69 70 71 72 73 74
F270 101 102 103 104 105 106 107 108 109 110 111 112 113 114
noninter
same same
norain
day night

45
F269 61 62 63 64 65 66 67 68 69 70 71 72 73 74
F270 116 117 118 119 120 121 122 123 124 125 126 127 128 129
noninter
same same
norain
day night

46
F269 61 62 63 64 65 66 67 68 69 70 71 72 73 74
F270 131 132 133 134 135 136 137 138 139 140 141
noninter
same same
norain
day night

47
F269 61 62 63 64 65 66 67 68 69 70 71 72 73 74
F270 143 144 145 146 147 148 149 150 151 152 153 154 155 156
noninter
same same
norain
day night

48
F269 61 62 63 64 65 66 67 68 69 70 71 72 73 74
F270 159 160 161 162 163 164 165 166 167 168
noninter
same same
norain
day night

49
F269 61 62 63 64 65 66 67 68 69 70 71 72 73 74
F270 170 171 172 173 174 175 176 177 178 179 180 181 182 183
noninter
same same
norain
day night

50
F269 61 62 63 64 65 66 67 68 69 70 71 72 73 74
F270 185 186 187 188 189 190 191 192 193 194 195 196 197 198
noninter
same same
norain
day night

51
F269 76 77 78 79 80 81 82 83 84
F270 101 102 103 104 105 106 107 108 109 110 111 112 113 114
noninter
same same
norain
day night

52
F269 76 77 78 79 80 81 82 83 84
F270 116 117 118 119 120 121 122 123 124 125 126 127 128 129
noninter
same same
norain
day night

53
F269 76 77 78 79 80 81 82 83 84
F270 131 132 133 134 135 136 137 138 139 140 141
noninter
same same
norain
day night

54
F269 76 77 78 79 80 81 82 83 84
F270 143 144 145 146 147 148 149 150 151 152 153 154 155 156
noninter
same same
norain
day night

55
F269 76 77 78 79 80 81 82 83 84
F270 159 160 161 162 163 164 165 166 167 168
noninter
same same
norain
day night

56
F269 76 77 78 79 80 81 82 83 84
F270 170 171 172 173 174 175 176 177 178 179 180 181 182 183
noninter
same same
norain
day night

57
F269 76 77 78 79 80 81 82 83 84
F270 185 186 187 188 189 190 191 192 193 194 195 196 197 198
noninter
same same
norain
day night

58
F269 86 87 88 89 90 91 92 93 94 95 96 97 98 99
F270 116 117 118 119 120 121 122 123 124 125 126 127 128 129
noninter
same same
norain
day night

59
F269 86 87 88 89 90 91 92 93 94 95 96 97 98 99
F270 131 132 133 134 135 136 137 138 139 140 141
noninter
same same
norain
day night

60
F269 86 87 88 89 90 91 92 93 94 95 96 97 98 99
F270 143 144 145 146 147 148 149 150 151 152 153 154 155 156
noninter
same same
norain
day night

61
F269 86 87 88 89 90 91 92 93 94 95 96 97 98 99
F270 159 160 161 162 163 164 165 166 167 168
noninter
same same
norain
day night

62
F269 86 87 88 89 90 91 92 93 94 95 96 97 98 99
F270 170 171 172 173 174 175 176 177 178 179 180 181 182 183
noninter
same same
norain
day night

63
F269 86 87 88 89 90 91 92 93 94 95 96 97 98 99
F270 185 186 187 188 189 190 191 192 193 194 195 196 197 198
noninter
same same
norain
day night

64
F269 101 102 103 104 105 106 107 108 109 110 111 112 113 114
F270 131 132 133 134 135 136 137 138 139 140 141
noninter
same same
norain
day night

65
F269 101 102 103 104 105 106 107 108 109 110 111 112 113 114
F270 143 144 145 146 147 148 149 150 151 152 153 154 155 156
noninter
same same
norain
day night

66
F269 101 102 103 104 105 106 107 108 109 110 111 112 113 114
F270 159 160 161 162 163 164 165 166 167 168
noninter
same same
norain
day night

67
F269 101 102 103 104 105 106 107 108 109 110 111 112 113 114
F270 170 171 172 173 174 175 176 177 178 179 180 181 182 183
noninter
same same
norain
day night

68
F269 101 102 103 104 105 106 107 108 109 110 111 112 113 114
F270 185 186 187 188 189 190 191 192 193 194 195 196 197 198
noninter
same same
norain
day night

69
F269 116 117 118 119 120 121 122 123 124 125 126 127 128 129
F270 143 144 145 146 147 148 149 150 151 152 153 154 155 156
noninter
same same
norain
day night

70
F269 116 117 118 119 120 121 122 123 124 125 126 127 128 129
F270 159 160 161 162 163 164 165 166 167 168
noninter
same same
norain
day night

71
F269 116 117 118 119 120 121 122 123 124 125 126 127 128 129
F270 170 171 172 173 174 175 176 177 178 179 180 181 182 183
noninter
same same
norain
day night

72
F269 116 117 118 119 120 121 122 123 124 125 126 127 128 129
F270 185 186 187 188 189 190 191 192 193 194 195 196 197 198
noninter
same same
norain
day night

73
F269 131 132 133 134 135 136 137 138 139 140 141
F270 159 160 161 162 163 164 165 166 167 168
noninter
same same
norain
day night

74
F269 131 132 133 134 135 136 137 138 139 140 141
F270 170 171 172 173 174 175 176 177 178 179 180 181 182 183
noninter
same same
norain
day night

75
F269 131 132 133 134 135 136 137 138 139 140 141
F270 185 186 187 188 189 190 191 192 193 194 195 196 197 198
noninter
same same
norain
day night

76
F269 143 144 145 146 147 148 149 150 151 152 153 154 155 156
F270 170 171 172 173 174 175 176 177 178 179 180 181 182 183
noninter
same same
norain
day night

77
F269 143 144 145 146 147 148 149 150 151 152 153 154 155 156
F270 185 186 187 188 189 190 191 192 193 194 195 196 197 198
noninter
same same
norain
day night

78
F269 159 160 161 162 163 164 165 166 167 168
F270 185 186 187 188 189 190 191 192 193 194 195 196 197 198
noninter
same same
norain
day night

