1
F82 12 15 17 18 19 20 21 22 24 25 26 28 31 33 34 35 36 38 40 41 42
F83 14 16 17 18 20 21 22 23 24 25 26 27 28 29 32 34 35 37 38 39
inter4
overlap same
norain
day night

2
F82 12 15 17 18 19 20 21 22 24 25 26 28 31 33 34 35 36 38 40 41 42
F84 11 15 17 19 21 22 23 24 25 26 27 30 31 32 33 34 35 36 37 38
inter4
overlap same
norain
day day

3
F82 12 15 17 18 19 20 21 22 24 25 26 28 31 33 34 35 36 38 40 41 42
F85 16 20 23 26 27 29 30 31 32 33 34 35 37 40 41 42 43 44 45 47 48
inter4
overlap inverse
norain
day night

4
F82 12 15 17 18 19 20 21 22 24 25 26 28 31 33 34 35 36 38 40 41 42
F86 15 18 21 23 24 25 26 27 28 29 30 31 32 33 35 36 37 38 39 40 41
inter4
separate different
norain
day morning

5
F82 12 15 17 18 19 20 21 22 24 25 26 28 31 33 34 35 36 38 40 41 42
F87 16 19 21 22 24 25 27 28 29 30 31 32 33 34 35 36 37 38 39 40 41 42
inter4
overlap same
norain
day night

6
F82 12 15 17 18 19 20 21 22 24 25 26 28 31 33 34 35 36 38 40 41 42
F88 14 16 18 19 21 22 23 24 25 27 28 29 30 31 32 33 34 36 37 38 39
inter4
overlap same
rain
day day

7
F82 12 15 17 18 19 20 21 22 24 25 26 28 31 33 34 35 36 38 40 41 42
F89 16 18 19 20 21 22 23 24 26 27 28 29 30 31 32 33 34 35 36 37 38
inter4
overlap inverse
norain
day evening

8
F82 12 15 17 18 19 20 21 22 24 25 26 28 31 33 34 35 36 38 40 41 42
F90 8 10 13 16 17 19 20 23 24 27 28 30 32 33 34 35 36 37 38 39 40 41 42
inter4
same inverse
rain
day day

9
F82 12 15 17 18 19 20 21 22 24 25 26 28 31 33 34 35 36 38 40 41 42
F91 16 20 23 26 29 30 32 33 35 37 39 40 41 42 43 44 45 46 47 48 50 51 52 54 55
inter4
overlap inverse
norain
day night

10
F83 14 16 17 18 20 21 22 23 24 25 26 27 28 29 32 34 35 37 38 39
F84 11 15 17 19 21 22 23 24 25 26 27 30 31 32 33 34 35 36 37 38
inter4
overlap same
norain
night day

12
F83 14 16 17 18 20 21 22 23 24 25 26 27 28 29 32 34 35 37 38 39
F86 15 18 21 23 24 25 26 27 28 29 30 31 32 33 35 36 37 38 39 40 41
inter4
overlap inverse
norain
night morning

13
F83 14 16 17 18 20 21 22 23 24 25 26 27 28 29 32 34 35 37 38 39
F87 16 19 21 22 24 25 27 28 29 30 31 32 33 34 35 36 37 38 39 40 41 42
inter4
overlap inverse
norain
night night

14
F83 14 16 17 18 20 21 22 23 24 25 26 27 28 29 32 34 35 37 38 39
F88 14 16 18 19 21 22 23 24 25 27 28 29 30 31 32 33 34 36 37 38 39
inter4
separate inverse
rain
night day

15
F83 14 16 17 18 20 21 22 23 24 25 26 27 28 29 32 34 35 37 38 39
F89 16 18 19 20 21 22 23 24 26 27 28 29 30 31 32 33 34 35 36 37 38
inter4
overlap inverse
norain
night evening

16
F83 14 16 17 18 20 21 22 23 24 25 26 27 28 29 32 34 35 37 38 39
F90 8 10 13 16 17 19 20 23 24 27 28 30 32 33 34 35 36 37 38 39 40 41 42
inter4
overlap inverse
rain
night day

17
F83 14 16 17 18 20 21 22 23 24 25 26 27 28 29 32 34 35 37 38 39
F91 16 20 23 26 29 30 32 33 35 37 39 40 41 42 43 44 45 46 47 48 50 51 52 54 55
inter4
overlap same
norain
night night

18
F84 11 15 17 19 21 22 23 24 25 26 27 30 31 32 33 34 35 36 37 38
F85 16 20 23 26 27 29 30 31 32 33 34 35 37 40 41 42 43 44 45 47 48
inter4
overlap inverse
norain
day night

19
F84 11 15 17 19 21 22 23 24 25 26 27 30 31 32 33 34 35 36 37 38
F86 15 18 21 23 24 25 26 27 28 29 30 31 32 33 35 36 37 38 39 40 41
inter4
overlap same
norain
day morning

20
F84 11 15 17 19 21 22 23 24 25 26 27 30 31 32 33 34 35 36 37 38
F87 16 19 21 22 24 25 27 28 29 30 31 32 33 34 35 36 37 38 39 40 41 42
inter4
separate perpendicular
norain
day night

21
F84 11 15 17 19 21 22 23 24 25 26 27 30 31 32 33 34 35 36 37 38
F88 14 16 18 19 21 22 23 24 25 27 28 29 30 31 32 33 34 36 37 38 39
inter4
overlap inverse
rain
day day

22
F84 11 15 17 19 21 22 23 24 25 26 27 30 31 32 33 34 35 36 37 38
F89 16 18 19 20 21 22 23 24 26 27 28 29 30 31 32 33 34 35 36 37 38
inter4
same inverse
norain
day evening

23
F84 11 15 17 19 21 22 23 24 25 26 27 30 31 32 33 34 35 36 37 38
F90 8 10 13 16 17 19 20 23 24 27 28 30 32 33 34 35 36 37 38 39 40 41 42
inter4
overlap inverse
rain
day day

24
F84 11 15 17 19 21 22 23 24 25 26 27 30 31 32 33 34 35 36 37 38
F91 16 20 23 26 29 30 32 33 35 37 39 40 41 42 43 44 45 46 47 48 50 51 52 54 55
inter4
separate perpendicular
norain
day night

25
F85 16 20 23 26 27 29 30 31 32 33 34 35 37 40 41 42 43 44 45 47 48
F86 15 18 21 23 24 25 26 27 28 29 30 31 32 33 35 36 37 38 39 40 41
inter4
overlap same
norain
night morning

26
F85 16 20 23 26 27 29 30 31 32 33 34 35 37 40 41 42 43 44 45 47 48
F87 16 19 21 22 24 25 27 28 29 30 31 32 33 34 35 36 37 38 39 40 41 42
inter4
overlap same
norain
night night

27
F85 16 20 23 26 27 29 30 31 32 33 34 35 37 40 41 42 43 44 45 47 48
F88 14 16 18 19 21 22 23 24 25 27 28 29 30 31 32 33 34 36 37 38 39
inter4
separate different
rain
night day

28
F85 16 20 23 26 27 29 30 31 32 33 34 35 37 40 41 42 43 44 45 47 48
F89 16 18 19 20 21 22 23 24 26 27 28 29 30 31 32 33 34 35 36 37 38
inter4
overlap same
norain
night evening

29
F85 16 20 23 26 27 29 30 31 32 33 34 35 37 40 41 42 43 44 45 47 48
F90 8 10 13 16 17 19 20 23 24 27 28 30 32 33 34 35 36 37 38 39 40 41 42
inter4
overlap same
rain
night day

30
F85 16 20 23 26 27 29 30 31 32 33 34 35 37 40 41 42 43 44 45 47 48
F91 16 20 23 26 29 30 32 33 35 37 39 40 41 42 43 44 45 46 47 48 50 51 52 54 55
inter4
overlap inverse
norain
night night

31
F86 15 18 21 23 24 25 26 27 28 29 30 31 32 33 35 36 37 38 39 40 41
F87 16 19 21 22 24 25 27 28 29 30 31 32 33 34 35 36 37 38 39 40 41 42
inter4
overlap same
norain
morning night

32
F86 15 18 21 23 24 25 26 27 28 29 30 31 32 33 35 36 37 38 39 40 41
F88 14 16 18 19 21 22 23 24 25 27 28 29 30 31 32 33 34 36 37 38 39
inter4
overlap inverse
rain
morning day

33
F86 15 18 21 23 24 25 26 27 28 29 30 31 32 33 35 36 37 38 39 40 41
F89 16 18 19 20 21 22 23 24 26 27 28 29 30 31 32 33 34 35 36 37 38
inter4
overlap inverse
norain
morning evening

34
F86 15 18 21 23 24 25 26 27 28 29 30 31 32 33 35 36 37 38 39 40 41
F90 8 10 13 16 17 19 20 23 24 27 28 30 32 33 34 35 36 37 38 39 40 41 42
inter4
separate inverse
rain
morning day

35
F86 15 18 21 23 24 25 26 27 28 29 30 31 32 33 35 36 37 38 39 40 41
F91 16 20 23 26 29 30 32 33 35 37 39 40 41 42 43 44 45 46 47 48 50 51 52 54 55
inter4
overlap inverse
norain
morning night

36
F87 16 19 21 22 24 25 27 28 29 30 31 32 33 34 35 36 37 38 39 40 41 42
F88 14 16 18 19 21 22 23 24 25 27 28 29 30 31 32 33 34 36 37 38 39
inter4
overlap same
rain
night day

37
F87 16 19 21 22 24 25 27 28 29 30 31 32 33 34 35 36 37 38 39 40 41 42
F89 16 18 19 20 21 22 23 24 26 27 28 29 30 31 32 33 34 35 36 37 38
inter4
separate perpendicular
norain
night evening

38
F87 16 19 21 22 24 25 27 28 29 30 31 32 33 34 35 36 37 38 39 40 41 42
F90 8 10 13 16 17 19 20 23 24 27 28 30 32 33 34 35 36 37 38 39 40 41 42
inter4
overlap inverse
rain
night day

39
F87 16 19 21 22 24 25 27 28 29 30 31 32 33 34 35 36 37 38 39 40 41 42
F91 16 20 23 26 29 30 32 33 35 37 39 40 41 42 43 44 45 46 47 48 50 51 52 54 55
inter4
same inverse
norain
night night

40
F88 14 16 18 19 21 22 23 24 25 27 28 29 30 31 32 33 34 36 37 38 39
F89 16 18 19 20 21 22 23 24 26 27 28 29 30 31 32 33 34 35 36 37 38
inter4
overlap same
rain
day evening

41
F88 14 16 18 19 21 22 23 24 25 27 28 29 30 31 32 33 34 36 37 38 39
F90 8 10 13 16 17 19 20 23 24 27 28 30 32 33 34 35 36 37 38 39 40 41 42
inter4
overlap inverse
rain
day day

42
F88 14 16 18 19 21 22 23 24 25 27 28 29 30 31 32 33 34 36 37 38 39
F91 16 20 23 26 29 30 32 33 35 37 39 40 41 42 43 44 45 46 47 48 50 51 52 54 55
inter4
overlap inverse
rain
day night

43
F89 16 18 19 20 21 22 23 24 26 27 28 29 30 31 32 33 34 35 36 37 38
F90 8 10 13 16 17 19 20 23 24 27 28 30 32 33 34 35 36 37 38 39 40 41 42
inter4
overlap same
rain
evening day

44
F89 16 18 19 20 21 22 23 24 26 27 28 29 30 31 32 33 34 35 36 37 38
F91 16 20 23 26 29 30 32 33 35 37 39 40 41 42 43 44 45 46 47 48 50 51 52 54 55
inter4
separate perpendicular
norain
evening night

45
F90 8 10 13 16 17 19 20 23 24 27 28 30 32 33 34 35 36 37 38 39 40 41 42
F91 16 20 23 26 29 30 32 33 35 37 39 40 41 42 43 44 45 46 47 48 50 51 52 54 55
inter4
overlap same
rain
day night

46
F92 10 14 17 18 19 20 21 22 23 24 25 26 27 28 29 30 31 32 33 34 35
F93 5 9 12 13 14 15 16 17 18 19 20 21 22 23 24 25 26 27 28 29 30
inter4
overlap same
norain
day evening

47
F92 10 14 17 18 19 20 21 22 23 24 25 26 27 28 29 30 31 32 33 34 35
F94 1 2 3 4 5 6 7 8 9 10 11 12 13 14 15 16 17 18 19 20
inter4
overlap same
rain
day night

48
F92 10 14 17 18 19 20 21 22 23 24 25 26 27 28 29 30 31 32 33 34 35
F95 7 10 13 15 16 17 18 19 20 21 22 23 24 25 26 27 28 29 30 31 32
inter4
overlap inverse
norain
day day

49
F92 10 14 17 18 19 20 21 22 23 24 25 26 27 28 29 30 31 32 33 34 35
F96 16 18 19 20 21 22 23 24 25 26 27 28 29 30 31 32 33 34 35 36 37 38
inter4
separate different
norain
day day

50
F92 10 14 17 18 19 20 21 22 23 24 25 26 27 28 29 30 31 32 33 34 35
F97 13 14 15 16 17 18 19 20 21 22 23 24 25 26 27 28 29 30 31 32
inter4
overlap same
norain
day night

51
F92 10 14 17 18 19 20 21 22 23 24 25 26 27 28 29 30 31 32 33 34 35
F98 11 13 15 16 17 18 19 20 21 22 23 24 25 26 27 28 29 30 31 32
inter4
separate inverse
norain
day day

52
F92 10 14 17 18 19 20 21 22 23 24 25 26 27 28 29 30 31 32 33 34 35
F99 13 14 15 16 17 18 19 20 21 22 23 24 25 26 27 28 29 30
inter4
overlap inverse
norain
day night

53
F92 10 14 17 18 19 20 21 22 23 24 25 26 27 28 29 30 31 32 33 34 35
F100 14 18 22 23 24 25 26 27 28 29 30 31 32 33 34 35 36
inter4
overlap inverse
rain
day day

54
F92 10 14 17 18 19 20 21 22 23 24 25 26 27 28 29 30 31 32 33 34 35
F101 22 24 25 26 27 28 29 30 31 32 33 34 35 36 37 38 39 40 41
inter4
overlap inverse
norain
day morning

55
F93 5 9 12 13 14 15 16 17 18 19 20 21 22 23 24 25 26 27 28 29 30
F94 1 2 3 4 5 6 7 8 9 10 11 12 13 14 15 16 17 18 19 20
inter4
overlap same
rain
evening night

57
F93 5 9 12 13 14 15 16 17 18 19 20 21 22 23 24 25 26 27 28 29 30
F96 16 18 19 20 21 22 23 24 25 26 27 28 29 30 31 32 33 34 35 36 37 38
inter4
overlap inverse
norain
evening day

58
F93 5 9 12 13 14 15 16 17 18 19 20 21 22 23 24 25 26 27 28 29 30
F97 13 14 15 16 17 18 19 20 21 22 23 24 25 26 27 28 29 30 31 32
inter4
overlap inverse
norain
evening night

59
F93 5 9 12 13 14 15 16 17 18 19 20 21 22 23 24 25 26 27 28 29 30
F98 11 13 15 16 17 18 19 20 21 22 23 24 25 26 27 28 29 30 31 32
inter4
overlap same
norain
evening day

60
F93 5 9 12 13 14 15 16 17 18 19 20 21 22 23 24 25 26 27 28 29 30
F99 13 14 15 16 17 18 19 20 21 22 23 24 25 26 27 28 29 30
inter4
overlap inverse
norain
evening night

61
F93 5 9 12 13 14 15 16 17 18 19 20 21 22 23 24 25 26 27 28 29 30
F100 14 18 22 23 24 25 26 27 28 29 30 31 32 33 34 35 36
inter4
separate different
rain
evening day

62
F93 5 9 12 13 14 15 16 17 18 19 20 21 22 23 24 25 26 27 28 29 30
F101 22 24 25 26 27 28 29 30 31 32 33 34 35 36 37 38 39 40 41
inter4
overlap same
norain
evening morning

63
F94 1 2 3 4 5 6 7 8 9 10 11 12 13 14 15 16 17 18 19 20
F95 7 10 13 15 16 17 18 19 20 21 22 23 24 25 26 27 28 29 30 31 32
inter4
overlap inverse
rain
night day

64
F94 1 2 3 4 5 6 7 8 9 10 11 12 13 14 15 16 17 18 19 20
F96 16 18 19 20 21 22 23 24 25 26 27 28 29 30 31 32 33 34 35 36 37 38
inter4
overlap same
rain
night day

65
F94 1 2 3 4 5 6 7 8 9 10 11 12 13 14 15 16 17 18 19 20
F97 13 14 15 16 17 18 19 20 21 22 23 24 25 26 27 28 29 30 31 32
inter4
separate perpendicular
rain
night night

66
F94 1 2 3 4 5 6 7 8 9 10 11 12 13 14 15 16 17 18 19 20
F98 11 13 15 16 17 18 19 20 21 22 23 24 25 26 27 28 29 30 31 32
inter4
overlap inverse
rain
night day

67
F94 1 2 3 4 5 6 7 8 9 10 11 12 13 14 15 16 17 18 19 20
F99 13 14 15 16 17 18 19 20 21 22 23 24 25 26 27 28 29 30
inter4
same inverse
rain
night night

68
F94 1 2 3 4 5 6 7 8 9 10 11 12 13 14 15 16 17 18 19 20
F100 14 18 22 23 24 25 26 27 28 29 30 31 32 33 34 35 36
inter4
overlap same
rain
night day

69
F94 1 2 3 4 5 6 7 8 9 10 11 12 13 14 15 16 17 18 19 20
F101 22 24 25 26 27 28 29 30 31 32 33 34 35 36 37 38 39 40 41
inter4
separate perpendicular
rain
night morning

70
F95 7 10 13 15 16 17 18 19 20 21 22 23 24 25 26 27 28 29 30 31 32
F96 16 18 19 20 21 22 23 24 25 26 27 28 29 30 31 32 33 34 35 36 37 38
inter4
overlap same
norain
day day

71
F95 7 10 13 15 16 17 18 19 20 21 22 23 24 25 26 27 28 29 30 31 32
F97 13 14 15 16 17 18 19 20 21 22 23 24 25 26 27 28 29 30 31 32
inter4
overlap same
norain
day night

72
F95 7 10 13 15 16 17 18 19 20 21 22 23 24 25 26 27 28 29 30 31 32
F98 11 13 15 16 17 18 19 20 21 22 23 24 25 26 27 28 29 30 31 32
inter4
overlap inverse
norain
day day

73
F95 7 10 13 15 16 17 18 19 20 21 22 23 24 25 26 27 28 29 30 31 32
F99 13 14 15 16 17 18 19 20 21 22 23 24 25 26 27 28 29 30
inter4
overlap same
norain
day night

74
F95 7 10 13 15 16 17 18 19 20 21 22 23 24 25 26 27 28 29 30 31 32
F100 14 18 22 23 24 25 26 27 28 29 30 31 32 33 34 35 36
inter4
separate inverse
rain
day day

75
F95 7 10 13 15 16 17 18 19 20 21 22 23 24 25 26 27 28 29 30 31 32
F101 22 24 25 26 27 28 29 30 31 32 33 34 35 36 37 38 39 40 41
inter4
overlap inverse
norain
day morning

76
F96 16 18 19 20 21 22 23 24 25 26 27 28 29 30 31 32 33 34 35 36 37 38
F97 13 14 15 16 17 18 19 20 21 22 23 24 25 26 27 28 29 30 31 32
inter4
overlap same
norain
day night

77
F96 16 18 19 20 21 22 23 24 25 26 27 28 29 30 31 32 33 34 35 36 37 38
F98 11 13 15 16 17 18 19 20 21 22 23 24 25 26 27 28 29 30 31 32
inter4
same inverse
norain
day day

78
F96 16 18 19 20 21 22 23 24 25 26 27 28 29 30 31 32 33 34 35 36 37 38
F99 13 14 15 16 17 18 19 20 21 22 23 24 25 26 27 28 29 30
inter4
overlap inverse
norain
day night

79
F96 16 18 19 20 21 22 23 24 25 26 27 28 29 30 31 32 33 34 35 36 37 38
F100 14 18 22 23 24 25 26 27 28 29 30 31 32 33 34 35 36
inter4
overlap same
rain
day day

80
F96 16 18 19 20 21 22 23 24 25 26 27 28 29 30 31 32 33 34 35 36 37 38
F101 22 24 25 26 27 28 29 30 31 32 33 34 35 36 37 38 39 40 41
inter4
overlap inverse
norain
day morning

81
F97 13 14 15 16 17 18 19 20 21 22 23 24 25 26 27 28 29 30 31 32
F98 11 13 15 16 17 18 19 20 21 22 23 24 25 26 27 28 29 30 31 32
inter4
overlap inverse
norain
night day

82
F97 13 14 15 16 17 18 19 20 21 22 23 24 25 26 27 28 29 30 31 32
F99 13 14 15 16 17 18 19 20 21 22 23 24 25 26 27 28 29 30
inter4
separate perpendicular
norain
night night

83
F97 13 14 15 16 17 18 19 20 21 22 23 24 25 26 27 28 29 30 31 32
F100 14 18 22 23 24 25 26 27 28 29 30 31 32 33 34 35 36
inter4
overlap inverse
rain
night day

84
F97 13 14 15 16 17 18 19 20 21 22 23 24 25 26 27 28 29 30 31 32
F101 22 24 25 26 27 28 29 30 31 32 33 34 35 36 37 38 39 40 41
inter4
same inverse
norain
night morning

85
F98 11 13 15 16 17 18 19 20 21 22 23 24 25 26 27 28 29 30 31 32
F99 13 14 15 16 17 18 19 20 21 22 23 24 25 26 27 28 29 30
inter4
overlap same
norain
day night

86
F98 11 13 15 16 17 18 19 20 21 22 23 24 25 26 27 28 29 30 31 32
F100 14 18 22 23 24 25 26 27 28 29 30 31 32 33 34 35 36
inter4
overlap inverse
rain
day day

87
F98 11 13 15 16 17 18 19 20 21 22 23 24 25 26 27 28 29 30 31 32
F101 22 24 25 26 27 28 29 30 31 32 33 34 35 36 37 38 39 40 41
inter4
overlap same
norain
day morning

88
F99 13 14 15 16 17 18 19 20 21 22 23 24 25 26 27 28 29 30
F100 14 18 22 23 24 25 26 27 28 29 30 31 32 33 34 35 36
inter4
overlap inverse
rain
night day

89
F99 13 14 15 16 17 18 19 20 21 22 23 24 25 26 27 28 29 30
F101 22 24 25 26 27 28 29 30 31 32 33 34 35 36 37 38 39 40 41
inter4
separate perpendicular
norain
night morning

90
F100 14 18 22 23 24 25 26 27 28 29 30 31 32 33 34 35 36
F101 22 24 25 26 27 28 29 30 31 32 33 34 35 36 37 38 39 40 41
inter4
overlap same
rain
day morning

91
F102 19 22 24 25 27 28 30 31 32 33 34 35 36 37 38 39 40 41 42 43 44 45 46
F103 16 19 20 21 22 24 26 27 28 29 30 31 32 33 34 35 36 37 38 39 40
inter4
overlap same
rain
day evening

92
F102 19 22 24 25 27 28 30 31 32 33 34 35 36 37 38 39 40 41 42 43 44 45 46
F104 10 15 19 21 22 23 24 25 26 28 30 31 33 35 38 40 41 43 45 46
inter4
overlap inverse
rain
day morning

93
F102 19 22 24 25 27 28 30 31 32 33 34 35 36 37 38 39 40 41 42 43 44 45 46
F105 8 10 11 12 13 14 15 16 17 18 19 20 21 22 23 24 25 26 27 28 29 30 31 32 33
inter4
separate different
rain
day morning

94
F102 19 22 24 25 27 28 30 31 32 33 34 35 36 37 38 39 40 41 42 43 44 45 46
F106 7 8 10 11 12 13 14 15 16 17 18 19 20 21 22 23 24 25 26 27
inter4
overlap same
rain
day night

95
F102 19 22 24 25 27 28 30 31 32 33 34 35 36 37 38 39 40 41 42 43 44 45 46
F107 8 12 15 17 19 20 21 22 23 24 25 26 27 28 29 31 32 34 35 36 37 38 39 40
inter4
separate inverse
rain
day morning

96
F102 19 22 24 25 27 28 30 31 32 33 34 35 36 37 38 39 40 41 42 43 44 45 46
F108 8 10 12 13 14 15 16 17 18 19 20 21 22 23 24 25 26 27 28 29 30 31 32
inter4
overlap same
rain
day day

97
F102 19 22 24 25 27 28 30 31 32 33 34 35 36 37 38 39 40 41 42 43 44 45 46
F109 15 17 18 20 21 22 23 24 25 26 27 28 29 30 31 32 33 34 35 36 37 38 39 40 41 42
inter4
overlap inverse
rain
day night

98
F102 19 22 24 25 27 28 30 31 32 33 34 35 36 37 38 39 40 41 42 43 44 45 46
F110 13 15 16 17 18 19 20 21 22 23 24 25 26 27 28 29 30 31 32 33 34 35 36 37 38 39 40
inter4
overlap inverse
rain
day night

99
F102 19 22 24 25 27 28 30 31 32 33 34 35 36 37 38 39 40 41 42 43 44 45 46
F111 8 10 12 14 15 16 17 18 19 20 21 22 23 24 25 26 27 28 29 30
inter4
overlap inverse
rain
day morning

100
F103 16 19 20 21 22 24 26 27 28 29 30 31 32 33 34 35 36 37 38 39 40
F104 10 15 19 21 22 23 24 25 26 28 30 31 33 35 38 40 41 43 45 46
inter4
overlap inverse
norain
evening morning

101
F103 16 19 20 21 22 24 26 27 28 29 30 31 32 33 34 35 36 37 38 39 40
F105 8 10 11 12 13 14 15 16 17 18 19 20 21 22 23 24 25 26 27 28 29 30 31 32 33
inter4
overlap same
norain
evening morning

102
F103 16 19 20 21 22 24 26 27 28 29 30 31 32 33 34 35 36 37 38 39 40
F106 7 8 10 11 12 13 14 15 16 17 18 19 20 21 22 23 24 25 26 27
inter4
separate perpendicular
norain
evening night

103
F103 16 19 20 21 22 24 26 27 28 29 30 31 32 33 34 35 36 37 38 39 40
F107 8 12 15 17 19 20 21 22 23 24 25 26 27 28 29 31 32 34 35 36 37 38 39 40
inter4
overlap inverse
rain
evening morning

104
F103 16 19 20 21 22 24 26 27 28 29 30 31 32 33 34 35 36 37 38 39 40
F108 8 10 12 13 14 15 16 17 18 19 20 21 22 23 24 25 26 27 28 29 30 31 32
inter4
overlap inverse
norain
evening day

105
F103 16 19 20 21 22 24 26 27 28 29 30 31 32 33 34 35 36 37 38 39 40
F109 15 17 18 20 21 22 23 24 25 26 27 28 29 30 31 32 33 34 35 36 37 38 39 40 41 42
inter4
same inverse
norain
evening night

106
F103 16 19 20 21 22 24 26 27 28 29 30 31 32 33 34 35 36 37 38 39 40
F110 13 15 16 17 18 19 20 21 22 23 24 25 26 27 28 29 30 31 32 33 34 35 36 37 38 39 40
inter4
overlap same
norain
evening night

107
F103 16 19 20 21 22 24 26 27 28 29 30 31 32 33 34 35 36 37 38 39 40
F111 8 10 12 14 15 16 17 18 19 20 21 22 23 24 25 26 27 28 29 30
inter4
separate perpendicular
norain
evening morning

108
F104 10 15 19 21 22 23 24 25 26 28 30 31 33 35 38 40 41 43 45 46
F105 8 10 11 12 13 14 15 16 17 18 19 20 21 22 23 24 25 26 27 28 29 30 31 32 33
inter4
overlap same
norain
morning morning

109
F104 10 15 19 21 22 23 24 25 26 28 30 31 33 35 38 40 41 43 45 46
F106 7 8 10 11 12 13 14 15 16 17 18 19 20 21 22 23 24 25 26 27
inter4
overlap same
norain
morning night

110
F104 10 15 19 21 22 23 24 25 26 28 30 31 33 35 38 40 41 43 45 46
F107 8 12 15 17 19 20 21 22 23 24 25 26 27 28 29 31 32 34 35 36 37 38 39 40
inter4
overlap inverse
rain
morning morning

111
F104 10 15 19 21 22 23 24 25 26 28 30 31 33 35 38 40 41 43 45 46
F108 8 10 12 13 14 15 16 17 18 19 20 21 22 23 24 25 26 27 28 29 30 31 32
inter4
separate different
norain
morning day

112
F104 10 15 19 21 22 23 24 25 26 28 30 31 33 35 38 40 41 43 45 46
F109 15 17 18 20 21 22 23 24 25 26 27 28 29 30 31 32 33 34 35 36 37 38 39 40 41 42
inter4
overlap same
norain
morning night

113
F104 10 15 19 21 22 23 24 25 26 28 30 31 33 35 38 40 41 43 45 46
F110 13 15 16 17 18 19 20 21 22 23 24 25 26 27 28 29 30 31 32 33 34 35 36 37 38 39 40
inter4
separate inverse
norain
morning night

114
F104 10 15 19 21 22 23 24 25 26 28 30 31 33 35 38 40 41 43 45 46
F111 8 10 12 14 15 16 17 18 19 20 21 22 23 24 25 26 27 28 29 30
inter4
overlap inverse
norain
morning morning

115
F105 8 10 11 12 13 14 15 16 17 18 19 20 21 22 23 24 25 26 27 28 29 30 31 32 33
F106 7 8 10 11 12 13 14 15 16 17 18 19 20 21 22 23 24 25 26 27
inter4
overlap same
norain
morning night

117
F105 8 10 11 12 13 14 15 16 17 18 19 20 21 22 23 24 25 26 27 28 29 30 31 32 33
F108 8 10 12 13 14 15 16 17 18 19 20 21 22 23 24 25 26 27 28 29 30 31 32
inter4
overlap inverse
norain
morning day

118
F105 8 10 11 12 13 14 15 16 17 18 19 20 21 22 23 24 25 26 27 28 29 30 31 32 33
F109 15 17 18 20 21 22 23 24 25 26 27 28 29 30 31 32 33 34 35 36 37 38 39 40 41 42
inter4
overlap inverse
norain
morning night

119
F105 8 10 11 12 13 14 15 16 17 18 19 20 21 22 23 24 25 26 27 28 29 30 31 32 33
F110 13 15 16 17 18 19 20 21 22 23 24 25 26 27 28 29 30 31 32 33 34 35 36 37 38 39 40
inter4
overlap same
norain
morning night

120
F105 8 10 11 12 13 14 15 16 17 18 19 20 21 22 23 24 25 26 27 28 29 30 31 32 33
F111 8 10 12 14 15 16 17 18 19 20 21 22 23 24 25 26 27 28 29 30
inter4
overlap inverse
norain
morning morning

121
F106 7 8 10 11 12 13 14 15 16 17 18 19 20 21 22 23 24 25 26 27
F107 8 12 15 17 19 20 21 22 23 24 25 26 27 28 29 31 32 34 35 36 37 38 39 40
inter4
overlap inverse
rain
night morning

122
F106 7 8 10 11 12 13 14 15 16 17 18 19 20 21 22 23 24 25 26 27
F108 8 10 12 13 14 15 16 17 18 19 20 21 22 23 24 25 26 27 28 29 30 31 32
inter4
overlap same
norain
night day

123
F106 7 8 10 11 12 13 14 15 16 17 18 19 20 21 22 23 24 25 26 27
F109 15 17 18 20 21 22 23 24 25 26 27 28 29 30 31 32 33 34 35 36 37 38 39 40 41 42
inter4
separate perpendicular
norain
night night

124
F106 7 8 10 11 12 13 14 15 16 17 18 19 20 21 22 23 24 25 26 27
F110 13 15 16 17 18 19 20 21 22 23 24 25 26 27 28 29 30 31 32 33 34 35 36 37 38 39 40
inter4
overlap inverse
norain
night night

125
F106 7 8 10 11 12 13 14 15 16 17 18 19 20 21 22 23 24 25 26 27
F111 8 10 12 14 15 16 17 18 19 20 21 22 23 24 25 26 27 28 29 30
inter4
same inverse
norain
night morning

126
F107 8 12 15 17 19 20 21 22 23 24 25 26 27 28 29 31 32 34 35 36 37 38 39 40
F108 8 10 12 13 14 15 16 17 18 19 20 21 22 23 24 25 26 27 28 29 30 31 32
inter4
overlap same
rain
morning day

127
F107 8 12 15 17 19 20 21 22 23 24 25 26 27 28 29 31 32 34 35 36 37 38 39 40
F109 15 17 18 20 21 22 23 24 25 26 27 28 29 30 31 32 33 34 35 36 37 38 39 40 41 42
inter4
overlap same
rain
morning night

128
F107 8 12 15 17 19 20 21 22 23 24 25 26 27 28 29 31 32 34 35 36 37 38 39 40
F110 13 15 16 17 18 19 20 21 22 23 24 25 26 27 28 29 30 31 32 33 34 35 36 37 38 39 40
inter4
overlap inverse
rain
morning night

129
F107 8 12 15 17 19 20 21 22 23 24 25 26 27 28 29 31 32 34 35 36 37 38 39 40
F111 8 10 12 14 15 16 17 18 19 20 21 22 23 24 25 26 27 28 29 30
inter4
overlap same
rain
morning morning

130
F108 8 10 12 13 14 15 16 17 18 19 20 21 22 23 24 25 26 27 28 29 30 31 32
F109 15 17 18 20 21 22 23 24 25 26 27 28 29 30 31 32 33 34 35 36 37 38 39 40 41 42
inter4
overlap same
norain
day night

131
F108 8 10 12 13 14 15 16 17 18 19 20 21 22 23 24 25 26 27 28 29 30 31 32
F110 13 15 16 17 18 19 20 21 22 23 24 25 26 27 28 29 30 31 32 33 34 35 36 37 38 39 40
inter4
same inverse
norain
day night

132
F108 8 10 12 13 14 15 16 17 18 19 20 21 22 23 24 25 26 27 28 29 30 31 32
F111 8 10 12 14 15 16 17 18 19 20 21 22 23 24 25 26 27 28 29 30
inter4
overlap inverse
norain
day morning

133
F109 15 17 18 20 21 22 23 24 25 26 27 28 29 30 31 32 33 34 35 36 37 38 39 40 41 42
F110 13 15 16 17 18 19 20 21 22 23 24 25 26 27 28 29 30 31 32 33 34 35 36 37 38 39 40
inter4
overlap inverse
norain
night night

134
F109 15 17 18 20 21 22 23 24 25 26 27 28 29 30 31 32 33 34 35 36 37 38 39 40 41 42
F111 8 10 12 14 15 16 17 18 19 20 21 22 23 24 25 26 27 28 29 30
inter4
separate perpendicular
norain
night morning

135
F110 13 15 16 17 18 19 20 21 22 23 24 25 26 27 28 29 30 31 32 33 34 35 36 37 38 39 40
F111 8 10 12 14 15 16 17 18 19 20 21 22 23 24 25 26 27 28 29 30
inter4
overlap same
norain
night morning

136
F132 27 28 33 43 45 48 52 57 63 72 77 81 82 83 84 89 90 91 94
F133 13 14 15 19 23 27 31 32 33 34 35 36 37 40 45 48 50 52 54 55
inter4
same same
norain
night night

137
F132 27 28 33 43 45 48 52 57 63 72 77 81 82 83 84 89 90 91 94
F134 48 54 58 62 66 70 73 77 81 84 87 90 93 97 100 101 104 108
inter4
overlap same
norain
night night

138
F132 27 28 33 43 45 48 52 57 63 72 77 81 82 83 84 89 90 91 94
F135 23 25 28 30 32 34 35 38 39 40 41 42 43 46 49 50 52 53 54 55 58
inter4
overlap inverse
norain
night night

139
F132 27 28 33 43 45 48 52 57 63 72 77 81 82 83 84 89 90 91 94
F136 24 29 31 33 35 37 39 41 43 45 52 58 59 60 61 62 64 65 66 68 70
inter4
separate different
norain
night night

140
F132 27 28 33 43 45 48 52 57 63 72 77 81 82 83 84 89 90 91 94
F137 37 40 43 46 49 52 55 58 59 60 61 62 63 64 65 66 67 68 69 70 71 74 77
inter4
separate inverse
norain
night night

141
F132 27 28 33 43 45 48 52 57 63 72 77 81 82 83 84 89 90 91 94
F138 20 27 37 43 45 48 55 60 63 68 69 73 76 81
inter4
overlap inverse
norain
night night

143
F132 27 28 33 43 45 48 52 57 63 72 77 81 82 83 84 89 90 91 94
F140 15 16 19 22 25 28 31 34 37 40 43 44 45 46 47 48 49 50 51
inter4
overlap inverse
norain
night night

144
F132 27 28 33 43 45 48 52 57 63 72 77 81 82 83 84 89 90 91 94
F141 12 15 18 21 24 27 28 29 30 31 32 33 34 35 36 37 38
inter4
same same
norain
night day

145
F132 27 28 33 43 45 48 52 57 63 72 77 81 82 83 84 89 90 91 94
F142 18 19 20 22 24 25 26 27 28 29 30 31 32 33 34 35 36 37
inter4
overlap same
norain
night day

146
F132 27 28 33 43 45 48 52 57 63 72 77 81 82 83 84 89 90 91 94
F143 14 15 16 17 18 19 20 21 22 23 24 25 26 27 28 29 30 31 32 33
inter4
overlap inverse
norain
night day

147
F132 27 28 33 43 45 48 52 57 63 72 77 81 82 83 84 89 90 91 94
F144 21 22 23 24 25 26 27 28 29 30 31 32 33 34
inter4
separate inverse
norain
night day

148
F132 27 28 33 43 45 48 52 57 63 72 77 81 82 83 84 89 90 91 94
F145 3 4 5 6 7 8 9 10 11 12 13 14 15 16 17 18 19 22 23 24 25 26
inter4
overlap inverse
norain
night day

149
F133 13 14 15 19 23 27 31 32 33 34 35 36 37 40 45 48 50 52 54 55
F134 48 54 58 62 66 70 73 77 81 84 87 90 93 97 100 101 104 108
inter4
overlap same
norain
night night

150
F133 13 14 15 19 23 27 31 32 33 34 35 36 37 40 45 48 50 52 54 55
F135 23 25 28 30 32 34 35 38 39 40 41 42 43 46 49 50 52 53 54 55 58
inter4
overlap inverse
norain
night night

151
F133 13 14 15 19 23 27 31 32 33 34 35 36 37 40 45 48 50 52 54 55
F136 24 29 31 33 35 37 39 41 43 45 52 58 59 60 61 62 64 65 66 68 70
inter4
separate different
norain
night night

152
F133 13 14 15 19 23 27 31 32 33 34 35 36 37 40 45 48 50 52 54 55
F137 37 40 43 46 49 52 55 58 59 60 61 62 63 64 65 66 67 68 69 70 71 74 77
inter4
separate inverse
norain
night night

153
F133 13 14 15 19 23 27 31 32 33 34 35 36 37 40 45 48 50 52 54 55
F138 20 27 37 43 45 48 55 60 63 68 69 73 76 81
inter4
overlap inverse
norain
night night

154
F133 13 14 15 19 23 27 31 32 33 34 35 36 37 40 45 48 50 52 54 55
F139 13 16 19 22 27 31 35 37 38 39 41 42 43 44 45 50 52
inter4
same inverse
norain
night night

155
F133 13 14 15 19 23 27 31 32 33 34 35 36 37 40 45 48 50 52 54 55
F140 15 16 19 22 25 28 31 34 37 40 43 44 45 46 47 48 49 50 51
inter4
overlap inverse
norain
night night

156
F133 13 14 15 19 23 27 31 32 33 34 35 36 37 40 45 48 50 52 54 55
F141 12 15 18 21 24 27 28 29 30 31 32 33 34 35 36 37 38
inter4
same same
norain
night day

157
F133 13 14 15 19 23 27 31 32 33 34 35 36 37 40 45 48 50 52 54 55
F142 18 19 20 22 24 25 26 27 28 29 30 31 32 33 34 35 36 37
inter4
overlap same
norain
night day

158
F133 13 14 15 19 23 27 31 32 33 34 35 36 37 40 45 48 50 52 54 55
F143 14 15 16 17 18 19 20 21 22 23 24 25 26 27 28 29 30 31 32 33
inter4
overlap inverse
norain
night day

159
F133 13 14 15 19 23 27 31 32 33 34 35 36 37 40 45 48 50 52 54 55
F144 21 22 23 24 25 26 27 28 29 30 31 32 33 34
inter4
separate inverse
norain
night day

160
F133 13 14 15 19 23 27 31 32 33 34 35 36 37 40 45 48 50 52 54 55
F145 3 4 5 6 7 8 9 10 11 12 13 14 15 16 17 18 19 22 23 24 25 26
inter4
overlap inverse
norain
night day

161
F134 48 54 58 62 66 70 73 77 81 84 87 90 93 97 100 101 104 108
F135 23 25 28 30 32 34 35 38 39 40 41 42 43 46 49 50 52 53 54 55 58
inter4
overlap inverse
norain
night night

162
F134 48 54 58 62 66 70 73 77 81 84 87 90 93 97 100 101 104 108
F136 24 29 31 33 35 37 39 41 43 45 52 58 59 60 61 62 64 65 66 68 70
inter4
overlap same
norain
night night

163
F134 48 54 58 62 66 70 73 77 81 84 87 90 93 97 100 101 104 108
F137 37 40 43 46 49 52 55 58 59 60 61 62 63 64 65 66 67 68 69 70 71 74 77
inter4
overlap inverse
norain
night night

164
F134 48 54 58 62 66 70 73 77 81 84 87 90 93 97 100 101 104 108
F138 20 27 37 43 45 48 55 60 63 68 69 73 76 81
inter4
same inverse
norain
night night

165
F134 48 54 58 62 66 70 73 77 81 84 87 90 93 97 100 101 104 108
F139 13 16 19 22 27 31 35 37 38 39 41 42 43 44 45 50 52
inter4
overlap inverse
norain
night night

166
F134 48 54 58 62 66 70 73 77 81 84 87 90 93 97 100 101 104 108
F140 15 16 19 22 25 28 31 34 37 40 43 44 45 46 47 48 49 50 51
inter4
separate perpendicular
norain
night night

167
F134 48 54 58 62 66 70 73 77 81 84 87 90 93 97 100 101 104 108
F141 12 15 18 21 24 27 28 29 30 31 32 33 34 35 36 37 38
inter4
overlap same
norain
night day

168
F134 48 54 58 62 66 70 73 77 81 84 87 90 93 97 100 101 104 108
F142 18 19 20 22 24 25 26 27 28 29 30 31 32 33 34 35 36 37
inter4
same same
norain
night day

169
F134 48 54 58 62 66 70 73 77 81 84 87 90 93 97 100 101 104 108
F143 14 15 16 17 18 19 20 21 22 23 24 25 26 27 28 29 30 31 32 33
inter4
overlap inverse
norain
night day

170
F134 48 54 58 62 66 70 73 77 81 84 87 90 93 97 100 101 104 108
F144 21 22 23 24 25 26 27 28 29 30 31 32 33 34
inter4
overlap inverse
norain
night day

171
F134 48 54 58 62 66 70 73 77 81 84 87 90 93 97 100 101 104 108
F145 3 4 5 6 7 8 9 10 11 12 13 14 15 16 17 18 19 22 23 24 25 26
inter4
separate perpendicular
norain
night day

172
F135 23 25 28 30 32 34 35 38 39 40 41 42 43 46 49 50 52 53 54 55 58
F136 24 29 31 33 35 37 39 41 43 45 52 58 59 60 61 62 64 65 66 68 70
inter4
overlap same
norain
night night

173
F135 23 25 28 30 32 34 35 38 39 40 41 42 43 46 49 50 52 53 54 55 58
F137 37 40 43 46 49 52 55 58 59 60 61 62 63 64 65 66 67 68 69 70 71 74 77
inter4
overlap inverse
norain
night night

174
F135 23 25 28 30 32 34 35 38 39 40 41 42 43 46 49 50 52 53 54 55 58
F138 20 27 37 43 45 48 55 60 63 68 69 73 76 81
inter4
overlap same
norain
night night

175
F135 23 25 28 30 32 34 35 38 39 40 41 42 43 46 49 50 52 53 54 55 58
F139 13 16 19 22 27 31 35 37 38 39 41 42 43 44 45 50 52
inter4
overlap same
norain
night night

176
F135 23 25 28 30 32 34 35 38 39 40 41 42 43 46 49 50 52 53 54 55 58
F140 15 16 19 22 25 28 31 34 37 40 43 44 45 46 47 48 49 50 51
inter4
overlap inverse
norain
night night

177
F135 23 25 28 30 32 34 35 38 39 40 41 42 43 46 49 50 52 53 54 55 58
F141 12 15 18 21 24 27 28 29 30 31 32 33 34 35 36 37 38
inter4
overlap inverse
norain
night day

178
F135 23 25 28 30 32 34 35 38 39 40 41 42 43 46 49 50 52 53 54 55 58
F142 18 19 20 22 24 25 26 27 28 29 30 31 32 33 34 35 36 37
inter4
overlap inverse
norain
night day

179
F135 23 25 28 30 32 34 35 38 39 40 41 42 43 46 49 50 52 53 54 55 58
F143 14 15 16 17 18 19 20 21 22 23 24 25 26 27 28 29 30 31 32 33
inter4
same same
norain
night day

180
F135 23 25 28 30 32 34 35 38 39 40 41 42 43 46 49 50 52 53 54 55 58
F144 21 22 23 24 25 26 27 28 29 30 31 32 33 34
inter4
overlap inverse
norain
night day

181
F135 23 25 28 30 32 34 35 38 39 40 41 42 43 46 49 50 52 53 54 55 58
F145 3 4 5 6 7 8 9 10 11 12 13 14 15 16 17 18 19 22 23 24 25 26
inter4
overlap inverse
norain
night day

182
F136 24 29 31 33 35 37 39 41 43 45 52 58 59 60 61 62 64 65 66 68 70
F137 37 40 43 46 49 52 55 58 59 60 61 62 63 64 65 66 67 68 69 70 71 74 77
inter4
same inverse
norain
night night

183
F136 24 29 31 33 35 37 39 41 43 45 52 58 59 60 61 62 64 65 66 68 70
F138 20 27 37 43 45 48 55 60 63 68 69 73 76 81
inter4
overlap inverse
norain
night night

184
F136 24 29 31 33 35 37 39 41 43 45 52 58 59 60 61 62 64 65 66 68 70
F139 13 16 19 22 27 31 35 37 38 39 41 42 43 44 45 50 52
inter4
separate inverse
norain
night night

185
F136 24 29 31 33 35 37 39 41 43 45 52 58 59 60 61 62 64 65 66 68 70
F140 15 16 19 22 25 28 31 34 37 40 43 44 45 46 47 48 49 50 51
inter4
overlap inverse
norain
night night

186
F136 24 29 31 33 35 37 39 41 43 45 52 58 59 60 61 62 64 65 66 68 70
F141 12 15 18 21 24 27 28 29 30 31 32 33 34 35 36 37 38
inter4
separate different
norain
night day

187
F136 24 29 31 33 35 37 39 41 43 45 52 58 59 60 61 62 64 65 66 68 70
F142 18 19 20 22 24 25 26 27 28 29 30 31 32 33 34 35 36 37
inter4
overlap same
norain
night day

188
F136 24 29 31 33 35 37 39 41 43 45 52 58 59 60 61 62 64 65 66 68 70
F143 14 15 16 17 18 19 20 21 22 23 24 25 26 27 28 29 30 31 32 33
inter4
overlap same
norain
night day

189
F136 24 29 31 33 35 37 39 41 43 45 52 58 59 60 61 62 64 65 66 68 70
F144 21 22 23 24 25 26 27 28 29 30 31 32 33 34
inter4
same inverse
norain
night day

190
F136 24 29 31 33 35 37 39 41 43 45 52 58 59 60 61 62 64 65 66 68 70
F145 3 4 5 6 7 8 9 10 11 12 13 14 15 16 17 18 19 22 23 24 25 26
inter4
overlap inverse
norain
night day

191
F137 37 40 43 46 49 52 55 58 59 60 61 62 63 64 65 66 67 68 69 70 71 74 77
F138 20 27 37 43 45 48 55 60 63 68 69 73 76 81
inter4
overlap same
norain
night night

192
F137 37 40 43 46 49 52 55 58 59 60 61 62 63 64 65 66 67 68 69 70 71 74 77
F139 13 16 19 22 27 31 35 37 38 39 41 42 43 44 45 50 52
inter4
separate different
norain
night night

193
F137 37 40 43 46 49 52 55 58 59 60 61 62 63 64 65 66 67 68 69 70 71 74 77
F140 15 16 19 22 25 28 31 34 37 40 43 44 45 46 47 48 49 50 51
inter4
overlap same
norain
night night

194
F137 37 40 43 46 49 52 55 58 59 60 61 62 63 64 65 66 67 68 69 70 71 74 77
F141 12 15 18 21 24 27 28 29 30 31 32 33 34 35 36 37 38
inter4
separate inverse
norain
night day

195
F137 37 40 43 46 49 52 55 58 59 60 61 62 63 64 65 66 67 68 69 70 71 74 77
F142 18 19 20 22 24 25 26 27 28 29 30 31 32 33 34 35 36 37
inter4
overlap inverse
norain
night day

196
F137 37 40 43 46 49 52 55 58 59 60 61 62 63 64 65 66 67 68 69 70 71 74 77
F143 14 15 16 17 18 19 20 21 22 23 24 25 26 27 28 29 30 31 32 33
inter4
overlap inverse
norain
night day
